00000000000000000000000000000000
00000000000000000000000000000000
00000000000000000000000000000000
00000000000000000000000000000000
00000000000000000000000000000000
00000000000000000000000000000000
00000000000000000000000000000000
00000000000000000000000000000000
00000000000000000000000000000000
00000000000000000000000000000000
00000000000000000000000000000000
00000000000000000000000000000000
00000000000000010000000000000000
00000000000001000100000000000000
00000000000010000010000000000000
00000000000000000000000000000000
00000000000100000001000000000000
00000000000000000000000000000000
00000000000010000010000000000000
00000000000001000100000000000000
00000000000000010000000000000000
00000000000000000000000000000000
00000000000000000000000000000000
00000000000000000000000000000000
00000000000000000000000000000000
00000000000000000000000000000000
00000000000000000000000000000000
00000000000000000000000000000000
00000000000000000000000000000000
00000000000000000000000000000000
00000000000000000000000000000000
00000000000000000000000000000000
00000000000000000000000000000000
00000000001111101000100000000000
00000000001000101000100000000000
00000000001000101000100000000000
00000000001000101111100000000000
00000000001000100000100000000000
00000000001000100000100000000000
00000000001111100000100000000000
