00000000000000000000000000000000
00000000000000000000000000000000
00000000000000000000000000000000
00000000000000000000000000000000
00000000000000000000000000000000
00000000000000000000000000000000
00000000000000000000000000000000
00000000000000000000000000000000
00000000000000000000000000000000
00000000000000101000000000000000
00000000000010000010000000000000
00000000001000000000100000000000
00000000000000000000000000000000
00000000010000000000010000000000
00000000000000000000000000000000
00000000100000000000001000000000
00000000000000000000000000000000
00000000100000000000001000000000
00000000000000000000000000000000
00000000010000000000010000000000
00000000000000000000000000000000
00000000001000000000100000000000
00000000000010000010000000000000
00000000000000101000000000000000
00000000000000000000000000000000
00000000000000000000000000000000
00000000000000000000000000000000
00000000000000000000000000000000
00000000000000000000000000000000
00000000000000000000000000000000
00000000000000000000000000000000
00000000000000000000000000000000
00000000000000000000000000000000
00000000001111101111100000000000
00000000001000100000100000000000
00000000001000100000100000000000
00000000001000100000100000000000
00000000001000100000100000000000
00000000001000100000100000000000
00000000001111100000100000000000
