00000000000000000000000000000000
00000000000001010100000000000000
00000000001000000000100000000000
00000000100000000000001000000000
00000000000000000000000000000000
00000100000000000000000001000000
00000000000000000000000000000000
00010000000000000000000000010000
00000000000000000000000000000000
00100000000000000000000000001000
00000000000000000000000000000000
01000000000000000000000000000100
00000000000000000000000000000000
00000000000000000000000000000000
10000000000000000000000000000010
00000000000000000000000000000000
10000000000000000000000000000010
00000000000000000000000000000000
10000000000000000000000000000010
00000000000000000000000000000000
00000000000000000000000000000000
01000000000000000000000000000100
00000000000000000000000000000000
00100000000000000000000000001000
00000000000000000000000000000000
00010000000000000000000000010000
00000000000000000000000000000000
00000100000000000000000001000000
00000000000000000000000000000000
00000000100000000000001000000000
00000000001000000000100000000000
00000000000001010100000000000000
00000000000000000000000000000000
00000000000000101111100000000000
00000000000000101000000000000000
00000000000000101000000000000000
00000000000000101111100000000000
00000000000000100000100000000000
00000000000000100000100000000000
00000000000000101111100000000000
